11.636171365637729
11.636171365637729
11.600472938211025
11.37123521186948
11.460166131742152
11.249534101281082
11.044075443093979
10.838607796800185
10.632531622154021
10.75409518444768
10.786000860972555
10.849197712733494
10.676041343011343
10.709898365572128
10.448677005065266
10.285333659892427
10.111866534950517
9.902655633982095
9.728828046524647
9.567647671268704
9.65757522160336
9.54016698473317
9.648917039773478
9.595586610727157
9.610902802173216
9.558522729066903
9.680488831314149
9.626369107479311
9.714828621908701
9.845169706530392
9.928159205983505
9.68598042538999
9.519092866736313
9.35219415677074
9.474077821326228
9.492431732507312
9.443013436142646
9.539784973524332
9.68453437872915
9.762680287099462
9.520736877141582
9.81563906763536
9.929513572292212
9.712754314322583
9.515426261099442
9.340768343514583
9.202865353170813
9.002499224882156
8.794363874254588
8.601517526423896
8.527982139003697
8.357788740177497
8.485069508587253
8.344021382575406
8.258276406975611
8.352577552937289
8.198719223692477
8.120635738984186
7.927738468239322
7.732115506602744
7.898078100285412
7.709961817874102
7.551539428975565
7.452630950199815
7.321162467825357
7.279635956870122
7.1273505634889815
7.043264590091421
6.9289585269726
6.815808637142695
7.027770861015751
6.98350731522753
6.91393734968274
6.821494181226839
6.684672783880206
6.984486480178424
7.087176727986094
7.165203166500681
7.041029196916783
7.251590776447235
7.371059063172122
7.192807786148891
7.545908203917486
7.648164782960492
7.7478649475274235
7.845072607980181
7.69195194742957
7.536725015294046
7.417047528159813
7.5737811161958195
7.6753408724318675
7.5177840071693876
7.6938820471156575
7.632870408113646
7.492846364603791
7.364833838914073
7.295574976747983
7.438145952033855
7.5430965873739515
7.679479522394174
7.541588773103024
7.794388198842474
7.628691133933487
7.459146861831403
7.688333374528702
7.804614330784637
7.959053759880035
8.085037765587606
8.225071597687919
8.207337304693738
8.454682617795292
8.498521409064649
8.47395087078605
8.307592903651324
8.163130820002667
8.054668767746694
7.8830075540936395
7.702859495235784
7.537300756880562
7.490370788698946
7.346117673630365
7.4986902187038
7.382301574939039
7.320599594530154
7.4383426608029675
7.3073402038615125
7.251541194648997
7.080371287512512
6.905932505394104
7.092549674106988
6.924571602350138
6.785783968839701
6.7060193765673475
6.593216183533701
6.569888329685757
6.435346626984225
6.368560751999284
6.271122284832766
6.174418301056357
6.095215262619712
6.015647512841601
5.949687439562455
5.830650759114006
5.803964259051585
5.987983894691669
6.158543565162917
6.340805462948038
6.502544594212877
6.3865418700311665
6.246366038282616
6.468782494901794
6.584365342341381
6.674962065497085
6.563044123438277
6.785555329805691
6.916674502696616
7.021060049941332
7.033426045640816
7.045482891447812
7.0572383161096335
7.201066626045432
7.103080286301468
7.00544136594979
6.929354499011928
6.80422124326702
6.758146855855241
6.651256039004469
6.762277047841488
6.884124405786395
7.063738653032352
6.912951915753341
6.834591459935108
6.707792857158287
6.621623920539216
6.585478273348876
6.510721323463794
6.703641808851956
6.723943260578674
6.811050535778446
6.828666769332002
6.987068842215075
6.936423264829594
7.087973032913426
7.201677991231533
7.346596391155316
7.18080318942601
7.034351336938502
6.969016858473205
7.164354876899415
7.0030063348322775
7.360851788883788
7.227231658623012
7.089557021806329
7.276360736386676
7.385356002117952
7.38861459901302
7.3917917309857115
7.497901221852012
7.625305970827757
7.798715961682567
7.634616805659296
7.519013337498885
7.4130783299685845
7.5568701138357435
7.741160161159258
7.6182653969138325
7.455930514984259
7.627053577264699
7.495061476518069
7.366369178290105
7.53789846730761
7.688765546801307
7.825665150247648
7.705803215836381
7.534331141686725
7.454438024665104
7.638898087290798
7.75641492572768
7.907301429169762
8.099991667296038
7.952447985192256
8.054394841698517
8.108240827370294
8.160740663400276
8.144614643763285
8.270118019785576
8.093214367286665
7.974056762833869
7.803867983825097
7.6299442904757235
7.605680210180276
7.762792434584405
7.756615120667812
7.817905599365355
7.810350456329238
7.976020865394925
7.9645128407080685
8.09451876180674
8.26536759293098
8.387852145224079
8.184181041149548
8.054838467101881
7.924546117127168
8.082120982673747
8.135273814821142
8.119784466398631
8.249636728023917
8.426639839366246
8.536233111220628
8.421876450650995
8.403549007543512
8.484364566495868
8.460147949281488
8.436536747497467
8.413515825758047
8.458383786828335
8.248219779849991
8.325754241479038
8.160616540090954
7.993672993138896
7.877189860385177
8.00522046358012
8.164355433338352
8.324289187630399
8.19984817449504
7.996975567352271
8.15457250332351
8.228010600552555
8.27751619225298
8.258470784394673
8.239901511732823
8.370129460853695
8.524918864457858
8.342664635865205
8.209359971949647
8.033288612712981
7.853629403641411
8.07295385279346
7.9547962230290254
7.758049914672906
7.647457358880837
7.5646115942041
7.68398559496815
7.523364536431623
7.3807712276557575
7.2594796859069906
7.42278957034459
7.596485312433711
7.52143516342963
7.391766987120021
7.536091554558394
7.410439368313213
7.281194570552331
7.477740313864766
7.630111347194535
7.4986671969400485
7.386462468997619
7.230963547334754
7.071362464897639
7.036080954015596
6.903185084814099
6.767677324243962
6.95600671629291
6.840790787070575
6.7284552560787985
6.915932393151586
7.082348624499184
7.234408651003077
7.129328129072925
6.972267932092355
7.21362641803313
7.1090654519272265
7.039803977149593
6.892971517782929
6.7418202360846085
6.988939914425578
7.14706328985019
7.223592564318174
7.351492040829372
7.240587331607503
7.140935095789963
7.045615536981453
6.9398849681650425
6.847170595280818
6.976749386534865
7.110819942490646
7.008311395909452
7.203924624254037
7.332315799266838
7.493804780870442
7.696832435204201
7.591456455608806
7.6925743283595285
7.60845477570977
7.520780108329142
7.4792876994259085
7.362939746723817
7.542908893181226
7.384185468847423
7.282753586855608
7.471505760426539
7.344026749841253
7.5244687212207255
7.395041241875195
7.510923266964383
7.398412137271345
7.284530445542395
7.458105702878592
7.526858917020866
7.526579941043361
7.526307939465294
7.526042737926678
7.525784166426528
7.614941972077997
7.612460919724064
7.610041893678979
7.607683343285021
7.737750527541435
7.587312919001792
7.434701962576963
7.317575051760657
7.476795451706643
7.58077984955492
7.425587009864364
7.603989974743259
7.545225637550557
7.611800853326032
7.609398328940897
7.607055867665392
7.604771967921774
7.602545165671747
7.776524176655458
7.665777288794472
7.476256453794217
7.646871367604408
7.733001993226429
7.84816623401492
8.017466141256351
7.868606886311031
7.732665811266986
7.623780280527205
7.8097105556142665
7.9617220213825455
7.860752543944169
7.955138014486508
7.944152061072362
8.036452543686496
8.02343372704235
7.898627578211216
7.773974520543317
7.645636940817825
7.5761363738201535
7.476866850716416
7.370727930768407
7.257538344202031
7.159766102152381
7.067816780883281
7.223968234646451
7.231261525728306
7.238372484533115
7.245305669367804
7.1394349796146805
6.990111745186389
6.836531957802983
6.832103185824353
6.689422359172017
6.540197460150722
6.709539396932206
6.6758642844358285
6.864656195799689
6.9703422007168285
6.983976142646925
6.997269236028768
6.852186803123777
6.79709227331178
6.952125316183556
6.84347409164882
7.011701780533987
7.17856901226064
7.356626112109171
7.4279163160206805
7.497424264834402
7.56519451492778
7.455486638354625
7.335449914174356
7.4913782074963855
7.34027341373684
7.547139352248939
7.43424056278764
7.389887099458346
7.298119038882805
7.199332279466136
7.059687029132867
6.909790275266158
6.7685849203028825
6.6722528890941755
6.611800001176646
6.771465350851801
6.6579674776672615
6.5746910454549505
6.492364095225748
6.659173734961478
6.616725535257338
6.787532883790098
6.677153195120722
6.597269196527414
6.7572978163187996
6.940082728301446
7.043883069906041
7.23982220756521
7.414515170850836
7.329526421582739
7.148411858262777
7.2534415179315035
7.155771696538617
6.979001001344757
6.887884668385892
6.824028220971528
6.961916806066393
6.81934746725241
6.733966628522899
6.6679796108617655
6.872101133832543
6.759607238912106
6.705479041746065
6.610654697489795
6.8186001302219585
6.673941856013208
6.6161747074287725
6.521404579526609
6.722412105163949
6.742244299482867
6.600283613857409
6.566611935686852
6.65765249400892
6.6791036786067135
6.7000185835895625
6.7204106159478405
6.7402928474971615
6.686647510116494
6.844441672068153
6.7360807328852275
6.663294932807191
6.54045920562014
6.431795016860174
6.397884637322692
6.597203002737361
6.777069804254202
6.748835176315391
6.638798535592494
6.77358662833875
6.6503435969463895
6.784843063158798
6.960018863165102
6.869191146315345
6.726624007719537
6.923962470618352
6.820332758706783
6.982671313024365
7.137223272315129
6.9886419885029785
7.204298712645924
7.074592409291095
6.990706715969735
6.847417629408168
6.736344049938744
6.98360063293336
6.853076800831583
7.017975367724986
7.097731840246101
7.175494400954187
7.183999537878349
7.3335182915477635
7.284243706685998
7.379440023830979
7.382846520183221
7.386167854126657
7.389406154721507
7.459876857567708
7.389891497037729
7.227595018145975
7.361757422214371
7.2510295356882155
7.216280891101005
7.291079725537719
7.296695229347293
7.302170345561628
7.444576436627158
7.314250786298234
7.521767290496298
7.658683457938461
7.601279743916928
7.51775561161125
7.674608597906243
7.791232673577739
7.655136095423283
7.524818097283028
7.445162806371499
7.288196376274287
7.471495529959234
7.314557439705981
7.522066277568851
7.4027552588777485
7.553911864319998
7.620269924426237
7.68496903302982
7.529916673754291
7.444205458922549
7.3796454378308365
7.556083472358983
7.555073882498025
7.699043908720826
7.536417108998533
7.409982715454642
7.2348517702980155
7.405697833431182
7.408447884543419
7.5005390972419645
7.6785296829027185
7.538143839416239
7.699245030795847
7.543835771576166
7.38546103365913
7.246192859316403
7.09488733582922
7.0006879071628605
7.21225801893716
7.05775829751053
6.975777682148367
7.1342301133799095
7.292099847459605
7.4615147086637315
7.303098593940411
7.462680905331903
7.553416292510737
7.552473382145985
7.422345786277323
7.297847545865717
7.223866518739621
7.072432495833206
7.261125746529179
7.109446900861677
7.0148834830695055
6.868674036054843
7.062461248245276
7.186657773175211
7.194883825793847
7.27021758686324
7.125534013741875
7.049932365410444
6.9952291716565345
7.181277612839039
7.18963816946608
7.34274408851468
7.1890247842975405
7.092471919419473
6.944322761496061
6.7918876987049135
6.7635930569776885
6.663827993265975
6.540978939567454
6.44419585592109
6.363029046328921
6.51244261078985
6.674591895224675
6.603343316088153
6.800779224046771
6.862579243516777
6.946220619143096
6.812903160317903
6.752665406544986
6.904108039219901
6.986711194953642
6.899088246364511
6.981816896919637
6.995163971444662
6.941829987539896
6.855050776730442
6.992163797931333
7.169077060373667
7.3148104835688965
7.501503661367714
7.326566529438289
7.617489372366588
7.456214778119499
7.290982414912765
7.217173016060493
7.12378852194369
7.200899665609337
7.276083030683343
7.100206154472332
6.950822753603796
6.783077384319774
6.702008177645821
6.615983858014562
6.54598506839793
6.7025947095265215
6.576045227758105
6.461822965412222
6.306803489909358
6.179511242419805
6.158200242224966
6.033407876231418
6.248076742417435
6.121724121852727
6.109873135973953
5.983721729436217
5.862250439193584
5.756709564183492
5.662970693426974
5.527922524723741
5.48759804155944
5.409092329205441
5.664237794830825
5.8311211405792065
5.744027350749714
5.681952551790857
5.5903049024574045
5.5846106523228976
5.7222977958269565
5.767132847879299
5.810847023630334
5.853468344987593
5.984434046175034
6.19734268588148
6.367369468439015
6.3422486041549675
6.290200250343338
6.477742120670029
6.45320521965259
6.319996842154548
6.249041752385393
6.176481925131159
6.358295363917073
6.301874681831262
6.181399681335696
6.12940139131442
6.09771147191291
6.306197855589005
6.336435406147297
6.178674978760574
6.1510926001755815
6.007433907900932
6.208965417594025
6.241633779102191
6.362895344436767
6.569327023917651
6.456671246905798
6.644809253098167
6.515760888320928
6.383088022485273
6.281741960499558
6.251582907371091
6.205378159921843
6.121322317626632
6.288548527524505
6.1604974543984685
6.027658024284761
6.01846912441804
5.937332159020317
5.832645501177938
5.753570753491312
5.689669571459888
5.855917122792543
6.034479544427301
5.979233774060712
5.9034917331013
5.7850670798358435
5.6616134090862005
5.9357382581021305
6.120191674934829
6.222392739775697
6.126141554706681
6.060032847123724
6.244757512859824
6.438193362403342
6.577996584479326
6.536402228831934
6.6737502292472035
6.568882507697095
6.475145240012557
6.677309249137747
6.538498270902576
6.381061013686084
6.3100422162779735
6.233817045680911
6.17337242637262
6.339297383551845
6.221830334932796
6.116463444907546
5.970077957417299
5.918699588435659
5.8294163374097545
5.799891069240608
5.680700521556391
5.647764406333375
5.5772045359585976
5.502663442833473
5.752473709610146
5.90941992300596
5.845350641486212
5.740232261418804
5.646905323231403
5.512258788783059
5.472325899017275
5.4191839680972445
5.352287129805941
5.263848303059543
5.162101393478782
5.0950248928228845
5.077734095737342
5.021869355046743
5.216581889009114
5.406426609622426
5.312989573540591
5.47106911834302
5.522184887332461
5.698982544671194
5.563034079686856
5.521831807648477
5.4674522290126655
5.3993486841984755
5.309733318592264
5.560234015170384
5.427253364347197
5.824492642660834
6.049701339836635
5.9327854628890355
5.882339406270602
6.080077797699111
6.272872729341908
6.452276398022554
6.296994687628063
6.185717686281819
6.438796992506722
6.465719564642071
6.581378985338151
6.772533029179454
6.609745802082409
6.4748799967885295
6.69536543667044
6.85294165045825
6.9823761653328615
7.17985297560636
7.357877976371247
7.451233436774097
7.520158457568983
7.373878125288485
7.444737028870511
7.385962728489082
7.456519516991094
7.638366953832652
7.738312064127779
7.732746759472602
7.727320587433804
7.722030069695975
7.555574739815189
7.454908606121222
7.302862547516508
7.141449028960652
7.0514205311706775
6.981642879183656
7.172605870295867
7.248496580252709
7.299103665817567
7.3718319308863665
7.263315826959132
7.442662101759072
7.444488046163111
7.566865135628186
7.565586004185498
7.435754987506237
7.621897327225401
7.5378577553370105
7.4261346869317455
7.267076741620065
7.55948682924382
7.492140015035498
7.344997435835098
7.261746629942394
7.148785725104961
7.098450194107759
6.942094588256101
7.104767710463891
6.9688721468610195
6.910860483455592
6.833705189613296
6.72217119329834
6.662457582761165
6.566974754894971
6.408825585578668
6.249682548795975
6.134130132851139
6.051411119313417
5.944454207992722
5.826711595811697
6.04508644604191
5.9920328579870485
6.097437893251611
6.039465287995921
5.943434765374643
5.87928001078217
6.077094887097891
5.992075346194689
6.133177746680765
6.056571678491906
5.995037393478247
6.192415688299927
6.063412025139227
6.020908122326641
5.978580224827705
5.88513190565396
5.738725611013166
5.976705973255243
5.943611730521659
5.821616859120231
5.762842976521268
5.927261192727388
6.079837719045272
6.115734273017157
6.150733413139745
6.326083819927625
6.355824221377451
6.384821112791031
6.255578424729436
6.207383769670431
6.110566878204802
6.286921448366055
6.216793243441613
6.381632680194112
6.263815492347986
6.185631254258854
6.129586640669703
6.277105030789028
6.2363875452854
6.106284585700063
6.0627088688734565
6.01933595271085
5.898558059433691
5.768021237942334
5.650833456019448
5.925227803862047
6.182526644033298
6.2158559748804825
6.139939312939836
6.315559572232713
6.250649699837813
6.189999675585962
6.097999786315091
6.2903466682424884
6.164627403454804
6.063214301183112
6.004613060564451
5.860522933606412
5.947776852120399
5.866336110530623
5.774068601009917
5.684564177365207
5.683952623671475
5.584859962728581
5.78146395057456
5.735000924906383
5.621847058156091
5.6096849938326105
5.490548517987832
5.390356671588352
5.345392673367825
5.233676579754402
5.173319460268431
5.380211960675913
5.271169905345844
5.520839160229605
5.475797298134783
5.371016887970777
5.311898884861272
5.209322569112108
5.1494542528770735
5.043295410171521
5.295788632493477
5.418599773395379
5.4710272760085115
5.522144091056315
5.5134854396030475
5.443645445790808
5.309677906865645
5.263702498073046
5.191418569046597
5.132042924428558
5.099142658151576
5.286516371219832
5.342245958887354
5.412037900160633
5.373395332584641
5.529964733410968
5.731030156252082
5.775646899293797
5.886461583525691
5.797531182513966
5.761058064471664
5.685028755037709
5.545026633381372
5.493167506425881
5.415146952190611
5.350178097993972
5.311824452377855
5.493881120590453
5.685652834692065
5.599527700271711
5.795764994679112
5.83876336676015
5.698819482147219
5.616423068437948
5.858369931528623
5.737717412287206
5.70335587479592
5.668966783485252
5.556948119438733
5.43495154644725
5.326090506811741
5.301403405661994
5.205940187070659
5.128355418932751
5.074204713725073
4.992058603398839
5.0337416652803135
5.032753231618608
5.308362510095684
5.3635459442913085
5.308937033115392
5.50533234940388
5.4606781575797
5.419777421884302
5.347033088955973
5.558154138317348
5.4507396867777915
5.367173777423024
5.23952053161989
5.4899810208468
5.387058151873946
5.269123351233576
5.194237887640036
5.143861677880401
5.344383878049764
5.240479786639133
5.12639492196764
5.025247797944122
5.315281787238603
5.483157798693705
5.601284710440601
5.82529523280509
5.713989508533279
5.592297815952005
5.512564443897614
5.50792711366583
5.413235090473077
5.339967067756859
5.578504105469758
5.694247359547253
5.5699018355165775
5.763501162913915
5.753477006267995
5.71614794240354
5.6688604620875465
5.537257573265098
5.401396634002876
5.376446543387834
5.3100325219809745
5.1794053061510565
5.136686712376323
5.316758835186067
5.286376566318531
5.20077804283418
5.441579605005647
5.493432611828523
5.762460977662894
5.648104958761934
5.586382072224251
5.492213325053569
5.410696752513985
5.665802107556655
5.583465688293116
5.523817132891647
5.421901365997221
5.3695265865766615
5.308101053699627
5.548610327526545
5.493561285893782
5.358345850966044
5.312610439493307
5.296118585103771
5.505875396716179
5.409952140957
5.653278945009319
5.537753700430884
5.508391255736007
5.753038914144231
5.668521574716002
5.782014392062341
5.707948827268671
5.930754169678758
5.860613196543287
6.043216608746079
5.9601333357052635
5.8132535995322385
5.7546887984229755
5.670130211887778
5.598786776198709
5.5542179136274745
5.730214745308833
5.916078118792485
5.82748479924805
5.761735766072707
5.653872033348755
5.628735372781133
5.513823717508403
5.75922215411362
5.803134097208797
5.94896002891952
6.108725318815684
6.288854059130544
6.219376801228136
6.097585632957462
6.2899428687188
6.155271810617204
6.1058029891940135
6.009174100911111
5.859666751388888
6.094623585121573
6.197463852207772
6.230419752850595
6.262551755977347
6.484563569654156
6.3774055899914215
6.495272860053767
6.716135068095349
6.635975784968822
6.553742606900002
6.507626953594403
6.350961479310615
6.725108054750167
6.5827870824282115
6.527298803183401
6.746473772905439
6.62187811230436
6.518394014042361
6.492840815690614
6.401598407001183
6.320980433126192
6.528459985389841
6.448914702310495
6.328029891406118
6.272365846133081
6.252963351979066
6.192255486423684
6.067154604803704
6.283736164449947
6.314535257286716
6.2650125451498315
6.17946584322392
6.0310043966993945
6.195081566303955
6.369323269262729
6.535050537235732
6.735716913930343
6.60904762024081
6.83419420359031
6.918545205214791
6.933474072032438
6.948029717179644
6.903723925073293
7.031888883082528
7.111297517719704
7.2975577199022155
7.149445433452977
6.9918673427487095
6.8771447325244015
6.8383928950769475
6.789073429222798
6.659507514667715
6.593393956804196
6.497141868795218
6.46309743420576
6.322625647351652
6.500785493082054
6.593471712469241
6.616527416605527
6.72841664100252
6.971720420423883
6.985319906861302
6.816712108745842
6.923596715839327
7.151934907210885
7.001258287523886
7.175781617700802
7.049766164981896
6.875645608076955
6.783141755571758
6.9338224795210035
6.785940161219807
6.723577527875912
6.637528415586186
6.772348261332599
6.64476318395801
6.594967510956856
6.817470176030445
6.698610820215771
6.6643223305760335
6.56571141448947
6.403692226346839
6.330366459567212
6.231415931503408
6.146040352823949
6.087790150837083
6.250447676588201
6.42330522678987
6.3187387825670704
6.496995799917087
6.522463401867177
6.36542701637657
6.266365414311565
6.4920637187554
6.355568854833313
6.305761031278375
6.256311811055645
6.129609521319867
5.993296413281356
5.870476751974994
5.832179994696166
5.723447361378978
5.632924913883361
5.566159971301918
5.471714979536262
5.501406632014302
5.474102909924962
5.7386784464443785
5.783103982231286
5.718006120106869
5.9041747092205705
5.849549458400974
5.798926940185043
5.716703869299196
5.91858314915199
5.802157972341568
5.709806605847707
5.573587539333955
5.815696353368013
5.704630601082129
5.578756489211554
5.496130197168566
5.438206679670717
5.631370254795322
5.520291503966051
5.399211346361386
5.291243811728023
5.285847212318845
5.179507761057672
5.159101464847125
5.125740146470041
5.355117967963337
5.329580688059537
5.487245454998992
5.437109149908727
5.601939477297076
5.498962856914865
5.4116676538400625
5.282902061126502
5.18120734935652
5.434034605424231
5.308302363018366
5.178165304012312
5.40797665275974
5.302482741981359
5.1868478034263115
5.084189357366326
5.372749807675253
5.322097279038772
5.479949131203746
5.401254444719595
5.3753044814174995
5.29693805582901
5.254309523002466
5.164537442271569
5.067956437228829
5.28341730253811
5.234998086530058
5.39502741850775
5.336195743621993
5.272260199885334
5.166100547708536
5.427320807871343
5.3359661543367
5.2334357434970755
5.21746183371641
5.185098860969686
5.332773799257575
5.322310013240727
5.56007327615203
5.455398100796546
5.691049362683453
5.551912905548052
5.646882074763499
5.535415528435024
5.413957270218634
5.3056210874888405
5.588645744544704
5.532595817486487
5.685185206190268
5.601359617831455
5.570407025201563
5.4871630360184716
5.439778878687192
5.345370064064176
5.244268243476621
5.455321313629708
5.329056903518706
5.198400981000144
5.427706437822876
5.321719282417917
5.205603430351955
5.1024760936188285
5.116416742018756
5.31762506558466
5.37257693589306
5.279848169839898
5.18038439660795
5.393034562932754
5.309006415552422
5.453583664975743
5.390335670696736
5.59773705516932
5.4876429267858144
5.491643970783714
5.4108877688846455
5.576373630798598
5.692170146742871
5.595962527390408
5.514294602782065
5.492948798621726
5.4005540139779695
5.312101054302133
5.198786242946809
5.14019217404889
5.04139287523828
4.932285183351809
4.8359908027936855
4.8565935834642415
4.818537435952389
4.754608897424104
4.982997904647138
4.995829609030271
5.191193136643054
5.157029526471073
5.038222411039036
4.914837350832466
5.15123189840939
5.052156606489768
4.942779821322009
4.846223074814631
5.14073268218735
5.110287938228852
5.23773659648737
5.201256523650786
5.126181220138135
5.082457804176576
5.300193235657436
5.5039138916801935
5.554208541336205
5.457076956961526
5.621408089173555
5.5283176867246615
5.478466602248271
5.434172752495109
5.31506008683921
5.541449066015966
5.590805336313584
5.6389276998537605
5.753160364071655
5.79722385191788
5.929595665432064
6.177678151089867
6.211128694260637
6.243742973852138
6.342855256220073
6.300795435723784
6.165726358364879
6.326435478927802
6.241590640983811
6.232077968764211
6.331481876259345
6.361087326300878
6.389952640091373
6.55516417379366
6.447073830035573
6.6762697581402035
6.8343233638912695
6.797528652220916
6.734098297207638
6.910542716362722
7.046268439072806
6.9287959667809735
6.816636471856776
6.754685721580904
6.6149812186034564
6.815110751230174
6.674582280445147
6.898090497289538
6.794378873105418
6.960744888191976
7.041932122701415
7.121089676348118
6.980134300989631
6.908167645477007
6.857008569721432
7.0465125259523145
7.058242209751524
7.2146330277929875
7.06411650009389
6.9494896217726145
6.785871003958039
6.967941586249705
6.981635543541479
7.084397064765073
7.27279120123775
7.142548819792895
7.3135398866630865
7.167773256046725
7.0188000810179245
6.888698430491227
6.8505443421558745
6.956583143414109
6.970561061776773
6.984189532180371
6.997477290823878
7.14279962639182
7.300455122646218
7.373149601294301
7.4440267179761825
7.445818546974794
7.620602253774343
7.6179796943780005
7.756648944134924
7.93594452070096
7.796230146368424
7.902082448845281
7.779792339605221
7.6563761428179244
7.820655257722233
7.880344732993416
7.871228611616598
8.007294769611434
8.190356429914075
8.305856787004764
8.100333964549252
8.131592607289669
8.30482757420767
8.444461114511114
8.331423159744523
8.414041864891853
8.391583315217574
8.472698016478077
8.448773063014142
8.313333430783713
8.134662735076196
8.296800229791094
8.183843566121917
8.315472963883062
8.427845407624526
8.40504176938193
8.278581941702782
8.122415109853199
8.248473474223243
8.41547343753707
8.26377084028363
8.357934625412607
8.224248211758363
8.089720618167238
8.243166121187814
8.292292824872357
8.272878001198565
8.253948548116618
8.23549233136172
8.217497520025693
8.018085281581124
8.350553761963912
8.432694202055757
8.512781131145307
8.590865887007617
8.684583530451578
8.533140566090811
8.669366839303555
8.576663811990862
8.698472703605283
8.73621674272939
8.773017180875394
8.741584248301526
8.883973812567906
8.849766964201725
8.957641532213056
8.832749661118612
8.658027553906756
8.52493555713384
8.669333493360542
8.707806012740766
8.678003359370264
8.648945772334024
8.539229989317917
8.392099681363566
8.272431075571243
8.189651442351858
8.04697301083867
8.136702969708647
8.061669507596353
8.115333626620682
8.100342782903182
7.938172269983987
8.048207253853539
7.971033216177097
8.131022867120405
7.987055928867772
7.8389569292321655
7.6831439271768485
7.557415770776024
7.431230479125402
7.316083956930823
7.20627345535294
7.069702381374457
7.255479312700918
7.144577124891283
7.041224648750073
7.230698095623125
7.370189911071087
7.212006757404335
7.4149506180121545
7.313243069117251
7.181209709082307
7.330798208471622
7.52074005342924
7.383122716554828
7.241550803289851
7.424554673333109
7.49414666321402
7.561998853347909
7.441531642925338
7.633058120151452
7.630124164095682
7.747860350612442
7.742056338795148
7.736397427273286
7.843745547727522
7.722913861015406
7.600919626192855
7.766585154012791
7.82762638187671
7.8198282192778095
7.812225010743881
7.804811882423301
7.797584082310735
7.993017254108486
7.880236654040484
7.974135021830415
7.882976451843884
8.037619397938403
7.88747662968293
7.749598347366234
7.919901028807582
7.7723046675487115
7.621003205508887
7.545340109177927
7.382169850135307
7.517874871720465
7.335953199483526
7.286617741923366
7.147458453024175
7.044033943679643
6.949973420994824
7.105342827586327
7.300921057066077
7.216471603735612
7.313362223454353
7.213731986454233
7.12878949362661
6.952693353505551
6.838184653093289
6.7912611804358525
6.69725934526988
6.626159415084265
6.510906594168477
6.391140083963158
6.595404221989583
6.480920280901163
6.661057050118636
6.5697925758467415
6.725807029289113
6.602370861073777
6.54577675106748
6.411294972352868
6.2721856042903
6.281865491149488
6.453937595987124
6.298614355643519
6.216410948733502
6.132079286717999
6.334465823024805
6.431310034163424
6.525733140023577
6.744947251324612
6.764216066989513
6.7984587555602385
6.699131526454789
6.559774991286691
6.479139308579277
6.392940520209719
6.3059296389918575
6.521493198186469
6.411834955955421
6.542443366197479
6.495205688640339
6.682380333789345
6.77052668215885
6.789156012052895
6.807319608699589
6.825029115430116
6.84229588449238
6.746500439361142
6.948658941619435
6.834251101504326
6.778256807773479
6.634263631265971
6.7886663083228616
6.6249748501708625
6.593413851343519
6.4715846597088245
6.385056995197176
6.254593210379322
6.119401386366092
6.132900878673385
6.308697098822924
6.157004870908423
6.078341701116784
5.997461770291698
6.203213744509163
6.303339257610673
6.400961632884645
6.284523354467869
6.489929761466995
6.652641867134892
6.777230104597463
6.932759701687098
6.884295817115223
6.864435875279423
7.078605069477915
6.944646097389859
7.192296519559478
7.088268800915415
7.027573641801743
6.924696932544081
6.8756106529003755
7.028680736282437
7.108169574589615
7.118357832172892
7.027443717653279
6.958684685466505
7.1175644416150945
7.127517827522734
7.137222378782682
7.1466843162611315
7.332059848480108
7.192824535989661
7.075066777135529
6.965443787420375
6.883043074761144
6.834998141562012
7.023388669370697
6.962665936443192
6.871957980106865
7.008648321223346
7.162550855309135
7.3460065747872285
7.205362565066441
7.062300367489995
6.994083527598029
7.127720730027231
7.3135703519020545
7.17479727682606
7.057490199451018
7.018459596464054
7.163257374390993
7.02888494754811
6.9616279853799545
6.869627611652628
7.027005663477685
7.2245423220601515
7.069392007695477
7.21291647534163
7.1036721751609235
6.9881432253275095
7.185475859101142
7.261044819337852
7.132897786578019
7.030355036258493
6.916959578141573
6.800570486058559
6.678656830637485
6.577702193159639
6.442422278392723
6.646865784524708
6.781452196047659
6.889218300958599
7.007892127575578
6.8876509339648075
6.831971221524901
6.73398457277416
6.631646741742897
6.587495929722099
6.762123072655434
6.780962492787065
6.799330927415405
6.965573141144214
6.979326309563625
6.992735648772551
7.005809754501254
6.905926462619794
6.815318626961471
6.974054403403807
6.923734186988608
7.086866319228086
7.164900517961623
7.240983861726821
7.247851762131668
7.427584638552294
7.429787519536504
7.573161573664464
7.757044334492261
7.646784442685355
7.746519115759165
7.639900969149895
7.551440146933264
7.398833804687797
7.604235733426123
7.541473965430803
7.417826136568873
7.619757336002161
7.435288602158179
7.35575982141405
7.208045487306563
7.144054490389997
7.00845928277914
6.895310655255271
7.094964103280709
7.172795857412931
7.046855048701221
6.946463366828614
6.835165200447441
6.720820967806779
6.650874016707797
6.535399882983088
6.701133628024884
6.569784948752127
6.795913098888843
6.701794965761547
6.949915275860593
7.08465668458323
7.2570950548336635
7.400628028167393
7.271401088049964
7.479988834704235
7.669513895936872
7.825030278197086
8.01599183069553
7.8671694335142295
8.035994260768177
7.8416205028814145
7.929319946434676
7.774093102422702
7.61681264141235
7.509751017451795
7.397786936360425
7.350248914950726
7.202672353504823
7.105778299396573
6.957296481973734
7.148868133016194
7.353390459233716
7.240634309455707
7.395843938633508
7.216973039723743
7.123593545015359
7.332880559237484
7.469817813095087
7.630326597426346
7.475748093918552
7.430046508738133
7.3029795847046675
7.421163151223118
7.310896024423612
7.199202235515856
7.374910698102717
7.445743787364387
7.4474926896282945
7.594152245672839
7.787542469073945
7.663932519049931
7.548113900418607
7.365436252464215
7.465040302277906
7.322480478442515
7.201481321027061
7.088697967714619
7.003215900548033
6.952166646704228
7.137627961884358
7.074049246644011
6.9641058467521555
7.080907484724295
7.010238231916013
6.910761970463037
7.074218408115654
7.242159824498038
7.248998325833604
7.600693980110081
7.701580914748272
7.696933888827582
7.692403038554909
7.540782610366099
7.418613486885543
7.299498591492001
7.207145012946467
7.150997531292702
7.048002287355309
6.998686726055448
6.933804383139091
6.806555907876723
6.975706551356192
6.845060533705416
6.780287454672606
6.646959929733655
6.6219780486578586
6.500494781162969
6.400045266179504
6.377450786524328
6.53827378469976
6.73885958020777
6.600237388698304
6.5184042087102165
6.7262651167347824
6.61741712224179
6.816024334311249
6.95411301657262
6.838944429843292
6.712037002818766
6.915057090990619
7.050669954335005
7.062295702424646
7.073630806812047
7.0846825335897625
7.095457967198035
7.105964014966101
7.295223484498219
7.134015903632017
7.122150033007662
7.273215024298843
7.279277145639389
7.195891384765725
7.316752156282649
7.18463106906857
7.035393132100037
6.992685084663192
6.893647651891537
6.793454944214781
6.7080496851513045
6.885145319607797
6.795057012524774
6.954299329328028
6.816621507522692
7.036578743690145
6.88612751878472
7.034233598653642
6.929456370390135
7.1231285310366514
6.985739965535798
7.155893342982678
7.114402661407423
7.2138450046843685
7.050240532723738
7.23325000075338
7.110892291568512
7.233878040415367
7.419939659311253
7.563559909944845
7.770178660485364
7.853226603785361
7.727974550393561
7.911299968733964
7.901409966463631
7.8917672142500574
7.978212990019102
7.837231206102591
7.942058482086094
8.034411304174885
8.124455305711455
8.041726703541482
8.173530409238197
8.298310891123615
8.218197244185857
8.345589186366462
8.414251866519432
8.634281760384335
8.726914006993878
8.552807340540587
8.709808170269394
8.679955462960676
8.650849073334676
8.622470343449326
8.727167852701632
8.845214143298284
8.993647229603866
9.089065316702309
9.176690963306797
8.953799787856568
8.827828373113945
8.939979537071348
8.904372545592581
8.996615511474811
9.154944153230868
9.181276406114335
9.139636992909494
9.293503507888381
9.316371776905411
9.44750512260828
9.399209991491091
9.570593922833897
9.452969431285824
9.555959736680066
9.367461907724383
9.242356757847169
9.340416581017363
9.136755464487656
9.298709351730984
9.091704861624539
9.184671507922465
9.026133331927237
9.167388568535326
8.978893502097007
9.099218041129856
9.180226880720761
9.265573488224787
9.221826647967184
9.282185265908948
9.12591032860615
9.230609443676247
9.106352068876586
9.223490143739946
9.114543246669221
9.225994206678878
9.09571848151508
9.03481004644365
8.863895904861177
8.91960091705178
9.079854923668412
9.108064407290941
9.068255294056684
9.22390635150689
9.248514549433457
9.381344325823125
9.149950494609232
9.17995971176369
9.00882842174573
9.112726453318459
8.89093349154157
8.752750562610716
8.594992202790774
8.546601924687451
8.358400120257093
8.469699385089205
8.594182387376168
8.748891267579804
8.850428253728849
8.944019826907672
8.726945429867422
8.539149633878917
8.708028332833567
8.849593105860464
8.670076907372678
8.569648391286158
8.742784034351514
8.712106930440743
8.682196754127741
8.653034332222564
8.464830226910273
8.58943495815171
8.675457140333984
8.5170442526596
8.411045207097668
8.284435293475628
8.148403022841572
8.022820828377032
8.183179478141524
8.255902401000117
8.237397337923131
8.364309277760304
8.187733976830346
8.325200403649589
8.39437280337048
8.372405980234236
8.48335509856692
8.330579854528123
8.423073414300989
8.283575190646298
8.44339438078641
8.420202018214766
8.53881570987577
8.66157080404307
8.63292403089001
8.420240707049446
8.742655301795526
8.83257820986979
8.655829938344603
8.458921904888216
8.35186183110825
8.264705641853318
8.397402541983373
8.287841608436961
8.247130095192484
8.09590795239129
8.170812663393638
8.349786376351725
8.39624757365717
8.374233881263757
8.547235474033787
8.588760443897181
8.738084072925256
8.52277174803381
8.568460433852653
8.41261662578247
8.53141995225428
8.324159653003996
8.20014607003658
8.056202822530992
8.021282278934162
7.846213465647637
7.970317396844987
8.107284948838055
8.274166265005144
8.387571376218556
8.492734371335137
8.2869421106842
8.110146397675274
8.289750177535016
8.441771904444376
8.272451235991992
8.18196336168999
8.364791130495249
8.343563849180883
8.322867249899378
8.302688065599911
8.123242616953187
8.25638703844355
8.35073541861853
8.200440573987033
8.102356620391914
7.983463921437517
7.854955935104413
7.736709917833301
7.904221340361387
7.983918216664484
7.972212758195888
8.105754312526242
7.935642885727136
7.830230930494874
7.959435506937074
7.766474818819719
7.706376320776155
7.814474968892819
7.874318951384737
8.013686464514311
8.00123679984947
8.183563319654859
8.338239718011224
8.171507354219669
8.083543076961973
7.944682238980551
8.090862059591313
7.894615707657603
8.033475801880355
8.12354319097429
8.262614387439935
8.06207422731001
7.95498571370286
7.839777287415689
7.6898794895464055
7.556106043141711
7.6921637417677395
7.5591682816489225
7.457233905892409
7.360683065193737
7.521462865149169
7.378355228842226
7.240457238794782
7.181086164347687
7.117882416836792
7.038531524183192
7.245812265621539
7.127417061599779
7.331589074861408
7.439203632130816
7.441116038275562
7.44298063426669
7.44479861535804
7.446571146922105
7.3231569708678315
7.23569426484023
7.345706192360168
7.242846288871065
7.427279194741092
7.319725095979063
7.4658507106959595
7.638469924276297
7.4892318053281155
7.418324416792709
7.620243159220401
7.617629577187907
7.615081334706226
7.612596798286587
7.7131861624703655
7.611697936208429
7.461743544456603
7.58368924646434
7.478528129844626
7.636361803183784
7.509073751675744
7.3834097624294595
7.257086054801538
7.09152185400247
6.992361688758907
7.146671388656308
7.066078177036086
7.144632079324423
7.056150163583078
6.911224990831178
7.1024870061859025
7.308168860574182
7.313357136007844
7.469837748784036
7.383465935067608
7.3262234120312515
7.187134010452027
7.363144178665483
7.182205351130532
7.286390173477566
7.16990204304115
7.267956901777252
7.156892219016377
7.0428589338148075
7.254164313316947
7.328016062198262
7.2111661024219025
7.396391012953158
7.5783898075356
7.429619710122273
7.33949543561331
7.515273531070713
7.3691153219526715
7.301210845501651
7.181908313306737
7.347157482059343
7.492597287124233
7.582584764758258
7.48475552766558
7.612488918995986
7.610069192969103
7.798393070721119
7.8943375280940336
7.952184946605922
7.814154420054505
7.717396727320463
7.9077058386803785
7.7727632953321475
7.960801652750468
7.813359010017795
7.918783090903418
7.751191353389013
7.690588350419944
7.56523147293369
7.417824315269074
7.523282991528291
7.5230934136881
7.522908575293914
7.386413259497655
7.23646508152386
7.149130205961374
7.346926732912581
7.351146061537784
7.355259906947356
7.359270906221688
7.219355317287703
7.05835914935774
7.011295121446937
6.931628961654858
7.013544094327725
6.895048112156831
6.797933861333982
6.690735617419412
6.90582466678555
7.010481459928043
7.0231119203778585
7.167793390206952
7.044614741898726
7.204724860265451
7.3155110228997575
7.203701859030097
7.150953437894678
7.22738545866155
7.414961246961346
7.606111997887554
