11.636171365637729
11.636171365637729
10.20823426856955
2.430963884549261
14.928472006776348
3.0348849132993556
3.0311877737969746
2.8253695913422465
2.595560810953631
15.495074113900388
12.030322245442711
13.313874931410076
3.9229429238474633
12.030322245442711
0.261043945297655
3.9149431981516916
3.3466486622160323
1.7434304962136256
2.9495521356842267
3.281613036286876
13.164749684654934
4.961245746795852
13.890169186345437
7.51569987792067
10.20823426856955
7.51569987792067
14.437166818956713
7.51569987792067
13.164749684654934
14.928472006776348
13.164749684654934
0.24100798224290138
3.0104780792428727
2.843144468113366
14.227540738990285
10.20823426856955
7.51569987792067
13.313874931410076
15.329761181717082
12.810370713541593
0.08494388878426379
21.316824496892686
14.370619253909442
1.2591432535070564
1.8196321853970059
2.529109557705076
3.8246487297637755
1.188220221624508
0.6770851997794287
1.0805099610268905
5.660102029615916
1.720246185955724
13.44901947656773
2.843144468113366
4.914222358583633
12.030322245442711
2.1982443831447704
5.075379835360882
0.4047449091896123
0.10282000277621597
14.370619253909442
0.37342680383298504
1.3730662619326535
3.5952002779455667
2.1938916552214978
5.660102029615916
1.188220221624508
3.7639116275865594
2.4710220653386035
2.4029629337763727
15.29429759206495
5.257229029486897
4.200708693435963
3.2162106114466864
1.348638287361513
18.677220635808908
11.09209639248525
10.20823426856955
2.1982443831447704
15.463492378134834
12.030322245442711
0.24100798224290138
21.316824496892686
11.636171365637729
11.636171365637729
11.636171365637729
1.720246185955724
1.4828746620086162
2.7496255299247485
13.686391049600093
11.636171365637729
1.3730662619326535
14.561705605020176
5.253416487035178
2.0319086677194633
2.372345337015076
4.594479352270465
12.998413988182852
11.636171365637729
12.998413988182852
2.16384955074818
17.653565802681015
1.1665056024830105
0.8469202498501357
16.626607369723384
12.339571624766085
13.982191494600563
12.998413988182852
13.686391049600093
7.51569987792067
18.10114982875593
10.20823426856955
7.51569987792067
1.8196321853970059
2.529109557705076
3.8246487297637755
1.188220221624508
0.6770851997794287
1.0805099610268905
5.660102029615916
1.720246185955724
13.44901947656773
2.843144468113366
4.914222358583633
12.030322245442711
2.1982443831447704
5.075379835360882
0.4047449091896123
0.10282000277621597
14.370619253909442
0.37342680383298504
1.3730662619326535
3.5952002779455667
2.1938916552214978
5.660102029615916
1.188220221624508
3.7639116275865594
2.4710220653386035
2.4029629337763727
3.0062967635905564
2.9125052714952626
3.3772445816757504
1.188220221624508
4.763190756617182
13.164749684654934
12.810370713541593
13.44901947656773
12.810370713541593
1.8624356269444873
0.7795086000891591
15.14302430304974
11.09209639248525
10.20823426856955
2.1982443831447704
15.463492378134834
12.030322245442711
11.09209639248525
7.51569987792067
7.51569987792067
7.51569987792067
12.810370713541593
3.281613036286876
3.19752347223435
3.961966688435303
1.924024269215607
4.961245746795852
2.4825141818243766
11.09209639248525
11.636171365637729
14.06869429562467
1.0322691618719453
3.7785336830240275
1.7626473488622643
3.26103539239546
5.175798032925613
3.5952002779455667
14.227540738990285
7.51569987792067
10.20823426856955
7.51569987792067
13.164749684654934
4.961245746795852
12.998413988182852
11.636171365637729
12.998413988182852
0.7148683219830738
1.322729089925672
4.420972198326644
14.782537595521598
0.710413194213936
21.316824496892686
2.016046578452761
1.720246185955724
14.561705605020176
11.636171365637729
7.51569987792067
7.51569987792067
11.636171365637729
12.594091180881803
14.561705605020176
1.2347497207517222
3.0104780792428727
3.281613036286876
13.164749684654934
14.928472006776348
2.8253695913422465
1.1248701197309
14.300853006201876
2.347369547399507
2.347369547399507
14.227540738990285
13.572581647055507
13.164749684654934
3.0311877737969746
0.8469202498501357
4.338606460821892
14.832840529692856
12.339571624766085
13.791875063410982
15.6149109542208
2.1982443831447704
12.030322245442711
10.20823426856955
10.20823426856955
7.51569987792067
13.164749684654934
1.1939719198291034
3.3269101891748294
1.1665056024830105
0.8469202498501357
6.659381078657827
13.890169186345437
7.51569987792067
10.20823426856955
7.51569987792067
14.437166818956713
7.51569987792067
13.164749684654934
14.928472006776348
13.164749684654934
0.24100798224290138
3.0104780792428727
2.843144468113366
14.227540738990285
10.20823426856955
7.51569987792067
13.313874931410076
15.329761181717082
12.810370713541593
3.961966688435303
7.688778726351681
11.636171365637729
7.51569987792067
7.51569987792067
7.51569987792067
10.20823426856955
0.051823507694573036
11.349598245011856
1.720246185955724
1.4828746620086162
3.334347682990139
12.998413988182852
14.370619253909442
14.561705605020176
3.3466486622160323
0.08494388878426379
14.300853006201876
11.09209639248525
10.20823426856955
7.51569987792067
7.51569987792067
13.44901947656773
14.561705605020176
1.2347497207517222
3.0104780792428727
1.1665056024830105
0.8469202498501357
16.626607369723384
3.3466486622160323
0.08494388878426379
3.334347682990139
4.33362677181135
12.339571624766085
1.2591432535070564
1.8196321853970059
2.529109557705076
13.791875063410982
14.370619253909442
4.594479352270465
2.334708111045266
13.164749684654934
2.5100041047511477
2.2406474578779125
15.14302430304974
13.572581647055507
2.372345337015076
3.0104780792428727
1.1665056024830105
0.8469202498501357
5.660102029615916
1.720246185955724
1.4828746620086162
14.300853006201876
2.347369547399507
2.347369547399507
14.227540738990285
13.572581647055507
13.164749684654934
3.0311877737969746
0.8469202498501357
16.626607369723384
3.0311877737969746
4.338606460821892
1.1665056024830105
0.8469202498501357
16.626607369723384
13.313874931410076
10.20823426856955
12.339571624766085
2.9153036719546095
3.254497898905911
3.3281527434495355
2.8163927843250347
3.2313100527960574
12.030322245442711
12.339571624766085
3.0104780792428727
14.832840529692856
12.339571624766085
13.791875063410982
15.6149109542208
3.4817932513883774
11.636171365637729
4.327792222369193
4.101468080484643
5.8610837521998
2.8253695913422465
14.561705605020176
1.1939719198291034
3.3269101891748294
14.832840529692856
2.372345337015076
14.561705605020176
2.347369547399507
12.030322245442711
3.0104780792428727
2.843144468113366
14.227540738990285
10.20823426856955
7.51569987792067
7.51569987792067
7.51569987792067
7.51569987792067
11.09209639248525
7.51569987792067
7.51569987792067
7.51569987792067
12.810370713541593
1.720246185955724
1.4828746620086162
2.7496255299247485
13.686391049600093
11.636171365637729
1.3730662619326535
14.561705605020176
5.253416487035178
10.20823426856955
7.51569987792067
7.51569987792067
7.51569987792067
7.51569987792067
14.561705605020176
3.3466486622160323
0.08494388878426379
14.300853006201876
11.09209639248525
12.339571624766085
14.620162523672136
2.0630959434435234
2.430963884549261
3.3772445816757504
15.060991284009676
13.890169186345437
3.9229429238474633
11.636171365637729
7.51569987792067
11.636171365637729
7.51569987792067
3.0311877737969746
2.9125052714952626
2.640471331523644
4.865614260910965
3.605355449670647
3.2313100527960574
2.843144468113366
3.3466486622160323
3.4817932513883774
13.313874931410076
7.51569987792067
7.51569987792067
7.51569987792067
3.0104780792428727
1.1665056024830105
0.8469202498501357
6.659381078657827
1.1248701197309
0.7204263983202347
13.313874931410076
5.362534897077122
14.227540738990285
11.09209639248525
7.51569987792067
7.51569987792067
1.1939719198291034
4.648405610643887
12.998413988182852
2.606076334794082
13.572581647055507
13.686391049600093
14.300853006201876
10.20823426856955
10.20823426856955
10.20823426856955
3.1768794520015518
2.654017671143873
13.572581647055507
1.4471864571145898
15.6149109542208
3.0311877737969746
5.660102029615916
3.719164676436693
3.3466486622160323
1.6135222661353803
1.0638168744645182
1.261576076735107
2.9153036719546095
4.254137372392994
12.998413988182852
2.231550423470209
3.3269101891748294
3.281613036286876
13.164749684654934
4.961245746795852
13.44901947656773
2.372345337015076
3.4817932513883774
12.998413988182852
14.06869429562467
11.09209639248525
14.881448576272797
14.227540738990285
4.0149652001269285
0.08494388878426379
11.349598245011856
3.3466486622160323
0.08494388878426379
3.334347682990139
4.33362677181135
12.339571624766085
1.2591432535070564
3.4041139180719737
4.094485922077544
14.832840529692856
2.372345337015076
4.594479352270465
2.9125052714952626
14.928472006776348
1.0322691618719453
4.363255912635785
2.8253695913422465
14.561705605020176
7.51569987792067
1.0638168744645182
5.253416487035178
10.20823426856955
7.51569987792067
7.51569987792067
7.51569987792067
7.51569987792067
4.594479352270465
12.998413988182852
2.5100041047511477
3.8246487297637755
1.749865845325141
2.1938916552214978
5.075379835360882
14.370619253909442
13.791875063410982
5.64768468670178
2.347369547399507
12.030322245442711
1.8438653726443446
12.030322245442711
13.791875063410982
3.3269101891748294
1.1665056024830105
14.620162523672136
2.778773994155621
13.313874931410076
13.164749684654934
1.1939719198291034
15.6149109542208
2.016046578452761
3.719164676436693
1.2591432535070564
2.4044744506311773
16.626607369723384
1.7626473488622643
13.44901947656773
10.20823426856955
10.20823426856955
7.51569987792067
13.164749684654934
5.362534897077122
11.09209639248525
7.51569987792067
7.51569987792067
7.51569987792067
10.20823426856955
4.660462436368524
0.8980323413675805
12.594091180881803
2.93264196116815
5.8610837521998
10.20823426856955
7.51569987792067
7.51569987792067
12.998413988182852
2.231550423470209
15.6149109542208
12.998413988182852
5.362534897077122
4.260314451689791
13.791875063410982
12.339571624766085
2.347369547399507
2.4424161698130664
4.338606460821892
1.1665056024830105
14.620162523672136
1.1939719198291034
15.6149109542208
2.7496255299247485
13.44901947656773
10.20823426856955
10.20823426856955
1.4828746620086162
4.101468080484643
4.861804615254036
14.437166818956713
7.51569987792067
13.313874931410076
1.1939719198291034
2.4790413672428757
0.4047449091896123
14.06869429562467
7.51569987792067
11.09209639248525
14.620162523672136
2.0630959434435234
13.982191494600563
1.4828746620086162
1.208846254894708
1.8147340599500261
1.1939719198291034
3.3269101891748294
15.463492378134834
1.0322691618719453
3.7785336830240275
13.313874931410076
13.44901947656773
14.06869429562467
1.1248701197309
13.686391049600093
11.09209639248525
7.51569987792067
2.347369547399507
2.4424161698130664
4.338606460821892
1.1665056024830105
14.620162523672136
1.1939719198291034
3.3269101891748294
1.1665056024830105
14.620162523672136
12.030322245442711
7.51569987792067
10.20823426856955
1.4828746620086162
4.101468080484643
4.861804615254036
14.437166818956713
7.51569987792067
13.313874931410076
1.1939719198291034
3.3269101891748294
1.1665056024830105
0.8469202498501357
5.660102029615916
2.7729905085091375
1.749865845325141
2.6696555937129136
3.19752347223435
12.339571624766085
12.998413988182852
3.8246487297637755
14.500779634432892
9.272780002847021
10.20823426856955
1.6135222661353803
4.403393009401191
12.810370713541593
10.20823426856955
3.4817932513883774
10.20823426856955
7.51569987792067
4.861804615254036
3.4706615551617217
12.339571624766085
14.06869429562467
12.998413988182852
14.782537595521598
0.5040183841907139
18.96348024657025
1.1665056024830105
0.8469202498501357
4.338606460821892
3.4817932513883774
10.20823426856955
10.20823426856955
0.24100798224290138
1.1248701197309
0.24100798224290138
3.5403091173616654
3.26103539239546
3.816032273349313
12.810370713541593
1.640615438789882
2.00715473392278
0.261043945297655
1.21511359032723
5.327071234626257
1.1665056024830105
14.620162523672136
1.1939719198291034
5.64768468670178
1.0638168744645182
1.1248701197309
1.640615438789882
2.00715473392278
0.261043945297655
3.9149431981516916
2.347369547399507
15.6149109542208
12.339571624766085
2.347369547399507
3.26103539239546
2.016046578452761
5.362534897077122
11.09209639248525
7.51569987792067
7.51569987792067
7.51569987792067
11.09209639248525
14.500779634432892
12.998413988182852
5.362534897077122
4.260314451689791
13.791875063410982
5.4962660799724805
1.1248701197309
3.4817932513883774
3.3466486622160323
13.44901947656773
4.101468080484643
1.4828746620086162
4.101468080484643
4.861804615254036
14.437166818956713
7.51569987792067
0.026018310678359812
5.075379835360882
0.4047449091896123
14.06869429562467
7.51569987792067
11.09209639248525
14.620162523672136
2.0630959434435234
13.982191494600563
1.4828746620086162
1.208846254894708
2.329245543056687
5.075379835360882
4.403393009401191
2.843144468113366
12.810370713541593
1.1665056024830105
0.8469202498501357
5.660102029615916
2.7729905085091375
1.749865845325141
2.6696555937129136
3.19752347223435
12.339571624766085
12.998413988182852
3.8246487297637755
2.9495521356842267
1.1665056024830105
0.8469202498501357
16.626607369723384
13.313874931410076
10.20823426856955
2.372345337015076
3.4817932513883774
13.44901947656773
13.982191494600563
12.030322245442711
4.914222358583633
12.030322245442711
2.4790413672428757
2.8193918003155396
14.561705605020176
1.1248701197309
0.24100798224290138
3.5403091173616654
3.26103539239546
3.816032273349313
12.810370713541593
1.640615438789882
2.00715473392278
0.261043945297655
3.9149431981516916
2.347369547399507
4.648405610643887
1.0322691618719453
4.363255912635785
2.8253695913422465
2.595560810953631
15.495074113900388
12.030322245442711
3.3466486622160323
1.640615438789882
2.00715473392278
0.261043945297655
3.9149431981516916
3.3466486622160323
2.7433104364450767
1.8147340599500261
1.1939719198291034
2.4790413672428757
4.403393009401191
2.843144468113366
12.810370713541593
12.810370713541593
1.6689451663490398
11.636171365637729
7.51569987792067
12.594091180881803
0.261043945297655
3.9149431981516916
3.3466486622160323
2.7433104364450767
1.8147340599500261
15.329761181717082
0.24100798224290138
21.316824496892686
14.832840529692856
1.3730662619326535
3.9149431981516916
13.791875063410982
13.791875063410982
13.44901947656773
0.24100798224290138
1.8459146337783223
16.308889935277943
7.51569987792067
11.09209639248525
14.227540738990285
0.261043945297655
1.21511359032723
15.29429759206495
12.998413988182852
12.030322245442711
14.881448576272797
14.300853006201876
11.09209639248525
10.20823426856955
1.6689451663490398
10.20823426856955
5.0937650136133445
10.20823426856955
14.73041699065343
11.636171365637729
7.51569987792067
7.51569987792067
7.51569987792067
1.0638168744645182
3.528929392056545
1.3730662619326535
0.8463218052823
3.5403091173616654
4.260314451689791
14.620162523672136
10.20823426856955
9.272780002847021
10.20823426856955
3.0311877737969746
14.437166818956713
7.51569987792067
12.339571624766085
7.51569987792067
2.372345337015076
14.881448576272797
4.260314451689791
3.068935019126393
1.0638168744645182
18.96348024657025
4.865614260910965
1.606436847019476
4.0149652001269285
2.7433104364450767
5.135364485216866
0.8442259600414409
13.44901947656773
1.6689451663490398
4.648405610643887
3.8246487297637755
2.372345337015076
4.33362677181135
2.843144468113366
0.24100798224290138
0.043104114270916975
1.627585911002517
2.8253695913422465
1.7731346664856236
1.2347497207517222
14.561705605020176
3.9229429238474633
10.20823426856955
3.7785336830240275
2.1982443831447704
3.3772445816757504
13.791875063410982
2.6763132509698124
11.636171365637729
3.068935019126393
3.5952002779455667
13.890169186345437
1.0322691618719453
4.363255912635785
4.327792222369193
2.2406474578779125
0.02888012002217273
15.257940100696281
4.652936263911857
1.0638168744645182
3.4706615551617217
12.339571624766085
12.030322245442711
7.51569987792067
7.51569987792067
13.164749684654934
7.51569987792067
7.51569987792067
1.21511359032723
4.327792222369193
2.334708111045266
13.164749684654934
3.4817932513883774
12.810370713541593
1.6689451663490398
3.1364459687827195
3.943846710692814
12.030322245442711
4.648405610643887
1.0322691618719453
4.363255912635785
4.327792222369193
1.188220221624508
0.6770851997794287
1.0805099610268905
16.626607369723384
16.2171814107121
7.51569987792067
3.1791894972546144
13.164749684654934
3.719164676436693
3.8246487297637755
2.5100041047511477
13.791875063410982
1.261576076735107
2.108103312587105
3.719164676436693
0.24100798224290138
9.350679674165912
2.6901471885293775
2.1756357297023823
2.1938916552214978
5.660102029615916
1.720246185955724
13.44901947656773
3.9229429238474633
1.208846254894708
5.135364485216866
0.8442259600414409
1.4828746620086162
3.591796742767288
0.8767489288308982
2.8193918003155396
13.44901947656773
1.018529747473159
15.257940100696281
3.719164676436693
1.2845808915745462
3.0062967635905564
1.208846254894708
2.8145899197107234
0.903100544654997
15.14302430304974
10.20823426856955
7.51569987792067
7.51569987792067
5.175798032925613
2.719885687113471
0.08494388878426379
3.4706615551617217
2.372345337015076
2.8163927843250347
3.816032273349313
12.594091180881803
7.51569987792067
8.133923609818527
3.8663351971209674
11.636171365637729
13.572581647055507
7.51569987792067
10.20823426856955
2.329245543056687
4.338606460821892
2.719885687113471
0.08494388878426379
3.4706615551617217
2.372345337015076
2.8163927843250347
3.816032273349313
12.594091180881803
13.164749684654934
2.2406474578779125
13.44901947656773
7.51569987792067
0.24100798224290138
2.4029629337763727
15.29429759206495
1.0322691618719453
4.363255912635785
4.327792222369193
1.188220221624508
0.6770851997794287
1.0805099610268905
4.338606460821892
1.4828746620086162
2.102549461554298
2.962327210625631
1.7883603006756974
6.659381078657827
4.9942043188121215
16.05712437070163
7.51569987792067
3.1791894972546144
13.164749684654934
3.719164676436693
3.8246487297637755
2.5100041047511477
13.791875063410982
1.261576076735107
2.108103312587105
0.261043945297655
15.257940100696281
1.3730662619326535
0.6696661262591422
2.2737048074920043
3.1791894972546144
13.164749684654934
1.188220221624508
0.6770851997794287
1.0805099610268905
16.626607369723384
12.030322245442711
10.20823426856955
14.561705605020176
1.3730662619326535
0.8463218052823
2.4029629337763727
5.327071234626257
1.720246185955724
2.4825141818243766
14.881448576272797
10.20823426856955
0.7204263983202347
13.313874931410076
5.362534897077122
4.260314451689791
3.8246487297637755
0.4047449091896123
0.10282000277621597
4.403393009401191
2.719885687113471
0.08494388878426379
3.4706615551617217
12.339571624766085
4.101468080484643
1.8624356269444873
14.832840529692856
7.51569987792067
16.254567245203344
1.188220221624508
3.1791894972546144
1.8196321853970059
2.231550423470209
15.6149109542208
2.372345337015076
3.19752347223435
1.4471864571145898
3.3269101891748294
2.9125052714952626
14.928472006776348
3.3466486622160323
0.08494388878426379
3.528929392056545
4.652936263911857
13.686391049600093
1.6689451663490398
15.14302430304974
1.0322691618719453
4.363255912635785
15.29429759206495
2.372345337015076
10.20823426856955
2.8193918003155396
14.620162523672136
3.1251152442599386
13.164749684654934
2.719885687113471
0.08494388878426379
3.4706615551617217
2.372345337015076
2.8163927843250347
3.816032273349313
12.594091180881803
13.164749684654934
2.372345337015076
3.19752347223435
1.4471864571145898
4.648405610643887
1.0322691618719453
15.329761181717082
7.51569987792067
11.636171365637729
12.339571624766085
13.313874931410076
3.509763743034245
1.3477300704011719
13.791875063410982
0.903100544654997
4.176518953689578
2.2406474578779125
0.02888012002217273
15.257940100696281
10.20823426856955
7.51569987792067
7.51569987792067
15.14302430304974
2.1982443831447704
11.09209639248525
15.329761181717082
3.509763743034245
3.3466486622160323
4.709116474676024
0.24100798224290138
21.316824496892686
1.0322691618719453
4.363255912635785
15.29429759206495
1.7626473488622643
2.4825141818243766
5.4962660799724805
2.843144468113366
3.1768794520015518
14.620162523672136
3.3466486622160323
1.6135222661353803
4.101468080484643
5.4962660799724805
3.8246487297637755
1.188220221624508
14.73041699065343
7.51569987792067
4.33362677181135
2.843144468113366
0.24100798224290138
12.594091180881803
13.164749684654934
12.998413988182852
14.561705605020176
1.6689451663490398
15.6149109542208
10.20823426856955
7.51569987792067
7.51569987792067
5.175798032925613
12.030322245442711
10.20823426856955
14.561705605020176
1.3730662619326535
0.8463218052823
2.4029629337763727
5.327071234626257
4.865614260910965
1.606436847019476
4.0149652001269285
2.7433104364450767
5.135364485216866
0.8442259600414409
13.44901947656773
10.20823426856955
7.51569987792067
11.09209639248525
16.46056781785705
7.51569987792067
0.24100798224290138
11.09209639248525
16.05712437070163
1.1248701197309
13.982191494600563
2.135163508944539
0.08494388878426379
3.175491507869073
12.810370713541593
1.018529747473159
4.291434827463972
3.281613036286876
12.030322245442711
1.6689451663490398
4.652936263911857
15.495074113900388
2.0630959434435234
5.327071234626257
2.719885687113471
0.08494388878426379
3.4706615551617217
2.372345337015076
2.8163927843250347
3.816032273349313
12.594091180881803
13.164749684654934
2.2406474578779125
13.44901947656773
7.51569987792067
0.24100798224290138
2.4029629337763727
15.29429759206495
1.0322691618719453
4.363255912635785
4.327792222369193
1.188220221624508
0.6770851997794287
1.0805099610268905
4.338606460821892
1.4828746620086162
2.102549461554298
2.962327210625631
1.7883603006756974
6.659381078657827
4.409257748440726
16.05712437070163
7.51569987792067
3.1791894972546144
13.164749684654934
3.719164676436693
3.8246487297637755
2.5100041047511477
13.791875063410982
1.261576076735107
2.108103312587105
0.261043945297655
15.257940100696281
1.3730662619326535
0.6696661262591422
2.2737048074920043
3.1791894972546144
13.164749684654934
1.188220221624508
0.6770851997794287
1.0805099610268905
5.075379835360882
1.0322691618719453
4.363255912635785
3.8246487297637755
14.300853006201876
4.33362677181135
11.636171365637729
3.4817932513883774
12.030322245442711
1.4828746620086162
2.00715473392278
0.261043945297655
1.21511359032723
15.29429759206495
0.4047449091896123
0.10282000277621597
14.370619253909442
1.188220221624508
0.6770851997794287
1.0805099610268905
16.626607369723384
3.3466486622160323
11.636171365637729
2.3321616718377203
4.363255912635785
2.2406474578779125
3.591796742767288
1.6634262937665765
1.3012972405619758
13.686391049600093
3.3466486622160323
11.636171365637729
3.041760423077494
2.778773994155621
1.0258741128134363
15.6149109542208
1.7731346664856236
1.2347497207517222
4.594479352270465
3.9229429238474633
11.09209639248525
4.914222358583633
14.832840529692856
1.3730662619326535
14.881448576272797
0.125591077267439
9.350679674165912
1.188220221624508
0.6770851997794287
1.0805099610268905
16.626607369723384
3.3466486622160323
11.636171365637729
2.3321616718377203
4.363255912635785
2.2406474578779125
3.591796742767288
1.6634262937665765
1.3012972405619758
13.686391049600093
0.4047449091896123
0.10282000277621597
14.370619253909442
1.188220221624508
0.6770851997794287
1.0805099610268905
5.660102029615916
13.164749684654934
7.51569987792067
1.6634262937665765
1.3012972405619758
13.686391049600093
2.0319086677194633
11.09209639248525
2.923663893815465
13.686391049600093
1.1939719198291034
5.64768468670178
2.2613958948210002
12.030322245442711
10.20823426856955
1.8438653726443446
2.329245543056687
4.660462436368524
1.7971574128714616
1.8624356269444873
0.7795086000891591
2.855023487030045
1.188220221624508
0.6770851997794287
1.0805099610268905
5.660102029615916
3.334347682990139
2.2613958948210002
13.890169186345437
5.4962660799724805
12.810370713541593
3.8246487297637755
0.4047449091896123
0.10282000277621597
14.370619253909442
1.188220221624508
0.6770851997794287
1.0805099610268905
16.626607369723384
3.9229429238474633
10.20823426856955
3.7785336830240275
2.1982443831447704
3.3772445816757504
13.791875063410982
13.44901947656773
7.51569987792067
1.6689451663490398
12.030322245442711
1.8977919912178045
3.5342743076690186
3.7067126121217937
0.6696661262591422
14.370619253909442
7.51569987792067
7.51569987792067
10.20823426856955
7.51569987792067
11.09209639248525
15.852895091744168
7.51569987792067
7.51569987792067
10.20823426856955
4.660462436368524
0.8980323413675805
12.594091180881803
2.93264196116815
5.8610837521998
10.20823426856955
7.51569987792067
7.51569987792067
12.998413988182852
2.231550423470209
15.6149109542208
12.998413988182852
5.362534897077122
4.260314451689791
13.791875063410982
12.339571624766085
2.347369547399507
2.4424161698130664
4.338606460821892
1.1665056024830105
14.620162523672136
1.1939719198291034
15.6149109542208
2.7496255299247485
13.44901947656773
10.20823426856955
10.20823426856955
1.4828746620086162
4.101468080484643
4.861804615254036
14.437166818956713
7.51569987792067
13.313874931410076
1.1939719198291034
2.4790413672428757
0.4047449091896123
14.06869429562467
7.51569987792067
11.09209639248525
14.620162523672136
2.0630959434435234
13.982191494600563
1.4828746620086162
1.208846254894708
1.8147340599500261
5.362534897077122
11.09209639248525
7.51569987792067
7.51569987792067
7.51569987792067
12.810370713541593
13.44901947656773
10.20823426856955
10.20823426856955
7.51569987792067
14.437166818956713
7.51569987792067
13.164749684654934
14.928472006776348
2.347369547399507
12.030322245442711
3.0104780792428727
2.843144468113366
14.227540738990285
10.20823426856955
7.51569987792067
13.313874931410076
15.329761181717082
12.810370713541593
0.08494388878426379
9.350679674165912
15.060991284009676
13.890169186345437
3.9229429238474633
11.636171365637729
7.51569987792067
11.636171365637729
7.51569987792067
3.0311877737969746
1.1665056024830105
14.620162523672136
3.7785336830240275
13.44901947656773
12.810370713541593
7.51569987792067
3.3466486622160323
2.0319086677194633
13.164749684654934
14.928472006776348
2.347369547399507
12.030322245442711
3.0104780792428727
2.843144468113366
14.227540738990285
10.20823426856955
7.51569987792067
7.51569987792067
7.51569987792067
7.51569987792067
0.24100798224290138
21.316824496892686
11.636171365637729
11.636171365637729
11.636171365637729
12.339571624766085
2.6268649560209387
13.982191494600563
4.961245746795852
13.44901947656773
10.20823426856955
10.20823426856955
7.51569987792067
14.437166818956713
7.51569987792067
13.164749684654934
3.961966688435303
1.8438653726443446
3.334347682990139
14.300853006201876
10.20823426856955
7.51569987792067
7.51569987792067
4.260314451689791
2.654017671143873
3.605355449670647
4.961245746795852
2.4825141818243766
11.636171365637729
5.135364485216866
10.20823426856955
7.51569987792067
1.6135222661353803
12.339571624766085
4.961245746795852
14.370619253909442
2.372345337015076
2.0630959434435234
1.606436847019476
2.654017671143873
2.5100041047511477
2.8253695913422465
2.923663893815465
1.7434304962136256
14.500779634432892
2.8193918003155396
3.0104780792428727
14.620162523672136
12.810370713541593
1.0428637644010352
15.329761181717082
3.3466486622160323
2.0319086677194633
13.164749684654934
14.928472006776348
2.016046578452761
1.720246185955724
14.561705605020176
10.20823426856955
10.20823426856955
2.7433104364450767
15.10259073196986
7.51569987792067
12.339571624766085
7.51569987792067
7.51569987792067
12.030322245442711
3.0104780792428727
2.843144468113366
14.227540738990285
10.20823426856955
7.51569987792067
7.51569987792067
7.51569987792067
7.51569987792067
15.6149109542208
3.4817932513883774
11.636171365637729
4.327792222369193
14.06869429562467
2.0319086677194633
2.372345337015076
14.561705605020176
2.016046578452761
1.720246185955724
4.594479352270465
1.018529747473159
12.810370713541593
0.24100798224290138
5.362534897077122
1.720246185955724
3.0104780792428727
3.281613036286876
13.164749684654934
14.928472006776348
3.9229429238474633
11.09209639248525
3.3281527434495355
3.816032273349313
0.08494388878426379
2.372345337015076
4.961245746795852
3.0311877737969746
3.853262137845266
2.016046578452761
1.720246185955724
14.561705605020176
2.016046578452761
13.686391049600093
3.0104780792428727
12.810370713541593
1.7883603006756974
4.338606460821892
1.1665056024830105
0.8469202498501357
6.659381078657827
13.164749684654934
0.24100798224290138
3.0104780792428727
2.843144468113366
14.227540738990285
10.20823426856955
10.20823426856955
15.29429759206495
7.51569987792067
8.133923609818527
2.8253695913422465
1.1248701197309
3.334347682990139
3.0311877737969746
2.9125052714952626
14.928472006776348
2.135163508944539
11.636171365637729
4.652936263911857
13.982191494600563
10.20823426856955
7.51569987792067
7.51569987792067
7.51569987792067
7.51569987792067
3.0104780792428727
14.832840529692856
2.372345337015076
4.594479352270465
1.018529747473159
12.810370713541593
0.24100798224290138
5.362534897077122
1.720246185955724
3.0104780792428727
1.1665056024830105
0.8469202498501357
6.659381078657827
13.164749684654934
0.24100798224290138
3.0104780792428727
2.843144468113366
14.227540738990285
10.20823426856955
10.20823426856955
1.7434304962136256
14.500779634432892
12.998413988182852
11.636171365637729
12.998413988182852
4.9942043188121215
6.089898143683183
15.4312036432191
1.720246185955724
16.850662984174594
3.0311877737969746
4.660462436368524
2.9125052714952626
4.961245746795852
12.998413988182852
10.20823426856955
7.51569987792067
3.4817932513883774
4.277082430182306
13.313874931410076
7.51569987792067
7.51569987792067
7.51569987792067
14.561705605020176
1.7626473488622643
2.4825141818243766
2.6901471885293775
3.669415281051149
4.961245746795852
14.370619253909442
4.594479352270465
3.334347682990139
12.339571624766085
13.164749684654934
14.500779634432892
1.720246185955724
1.4828746620086162
4.33362677181135
12.339571624766085
14.561705605020176
1.7626473488622643
2.4825141818243766
5.4962660799724805
12.810370713541593
1.7883603006756974
4.338606460821892
3.281613036286876
13.164749684654934
14.928472006776348
1.018529747473159
12.810370713541593
2.843144468113366
2.4825141818243766
14.881448576272797
10.20823426856955
2.135163508944539
3.0311877737969746
2.494536711581686
2.2613958948210002
1.924024269215607
2.640471331523644
1.1665056024830105
14.620162523672136
12.030322245442711
11.09209639248525
11.636171365637729
2.1982443831447704
4.660462436368524
2.9125052714952626
2.640471331523644
4.865614260910965
13.572581647055507
7.51569987792067
7.51569987792067
13.44901947656773
7.51569987792067
7.51569987792067
7.51569987792067
3.0104780792428727
3.281613036286876
13.164749684654934
4.961245746795852
13.44901947656773
10.20823426856955
10.20823426856955
7.51569987792067
14.437166818956713
7.51569987792067
13.164749684654934
14.928472006776348
3.3466486622160323
11.636171365637729
3.4817932513883774
4.101468080484643
1.4471864571145898
15.6149109542208
5.0937650136133445
2.595560810953631
15.495074113900388
0.24100798224290138
4.254137372392994
1.4471864571145898
4.648405610643887
1.720246185955724
2.4825141818243766
14.881448576272797
10.20823426856955
2.135163508944539
3.0311877737969746
2.494536711581686
2.2613958948210002
3.9229429238474633
2.0319086677194633
13.164749684654934
1.4471864571145898
15.6149109542208
3.0311877737969746
16.626607369723384
12.339571624766085
13.982191494600563
12.998413988182852
2.231550423470209
15.6149109542208
15.060991284009676
13.890169186345437
15.463492378134834
2.0630959434435234
14.620162523672136
0.261043945297655
11.349598245011856
1.720246185955724
1.4828746620086162
3.334347682990139
3.0311877737969746
5.4962660799724805
1.4471864571145898
3.3269101891748294
1.1665056024830105
14.620162523672136
15.329761181717082
2.843144468113366
13.44901947656773
0.24100798224290138
3.4817932513883774
15.495074113900388
12.810370713541593
13.890169186345437
1.4471864571145898
5.64768468670178
2.347369547399507
12.030322245442711
3.0104780792428727
2.843144468113366
14.227540738990285
10.20823426856955
7.51569987792067
13.313874931410076
15.329761181717082
2.843144468113366
3.0311877737969746
0.24100798224290138
11.349598245011856
1.7626473488622643
2.4825141818243766
2.6901471885293775
3.669415281051149
4.961245746795852
14.370619253909442
4.594479352270465
2.6763132509698124
11.636171365637729
4.254137372392994
3.0311877737969746
13.44901947656773
13.791875063410982
7.51569987792067
21.316824496892686
11.636171365637729
7.51569987792067
7.51569987792067
1.627585911002517
2.654017671143873
2.654017671143873
3.605355449670647
4.961245746795852
3.0311877737969746
5.075379835360882
4.403393009401191
1.8438653726443446
13.572581647055507
1.749865845325141
4.254137372392994
1.4471864571145898
5.64768468670178
1.7626473488622643
2.4825141818243766
5.4962660799724805
12.810370713541593
14.561705605020176
1.1939719198291034
3.3269101891748294
14.832840529692856
2.372345337015076
14.561705605020176
12.339571624766085
2.347369547399507
1.7626473488622643
14.832840529692856
12.339571624766085
7.51569987792067
7.51569987792067
7.51569987792067
7.51569987792067
7.51569987792067
14.676342796250822
0.8469202498501357
6.659381078657827
13.164749684654934
7.51569987792067
3.943846710692814
12.030322245442711
2.0319086677194633
1.21511359032723
5.327071234626257
3.0311877737969746
2.8859393448212862
3.3772445816757504
13.791875063410982
3.281613036286876
13.164749684654934
1.4471864571145898
15.6149109542208
1.018529747473159
12.810370713541593
2.843144468113366
14.676342796250822
1.627585911002517
13.791875063410982
5.4962660799724805
11.09209639248525
0.6696661262591422
14.370619253909442
2.3389416333586457
12.030322245442711
14.676342796250822
13.164749684654934
15.82830993156557
11.09209639248525
2.843144468113366
15.060991284009676
7.51569987792067
7.51569987792067
11.349598245011856
2.3389416333586457
12.030322245442711
11.636171365637729
11.636171365637729
4.815311218912491
13.313874931410076
13.164749684654934
5.0937650136133445
13.313874931410076
11.09209639248525
17.215447621115544
12.339571624766085
1.7626473488622643
14.832840529692856
7.51569987792067
7.51569987792067
7.51569987792067
12.810370713541593
13.44901947656773
14.782537595521598
12.810370713541593
12.594091180881803
0.261043945297655
3.9149431981516916
13.313874931410076
7.51569987792067
12.594091180881803
15.329761181717082
10.20823426856955
7.51569987792067
15.29429759206495
10.20823426856955
14.561705605020176
7.51569987792067
16.254567245203344
4.865614260910965
13.572581647055507
2.016046578452761
4.363255912635785
13.164749684654934
1.1939719198291034
15.6149109542208
1.018529747473159
12.810370713541593
2.843144468113366
14.676342796250822
1.627585911002517
13.791875063410982
12.339571624766085
12.594091180881803
7.51569987792067
11.636171365637729
3.0311877737969746
13.313874931410076
4.260314451689791
13.791875063410982
4.865614260910965
13.572581647055507
4.0149652001269285
6.659381078657827
2.1982443831447704
11.09209639248525
15.329761181717082
10.20823426856955
7.51569987792067
15.29429759206495
10.20823426856955
14.561705605020176
0.125591077267439
10.350319180787553
2.334708111045266
13.164749684654934
0.24100798224290138
3.3636163343073733
2.4424161698130664
6.659381078657827
1.018529747473159
12.810370713541593
13.44901947656773
14.782537595521598
12.810370713541593
12.594091180881803
0.261043945297655
1.21511359032723
15.29429759206495
14.370619253909442
1.6689451663490398
4.652936263911857
15.495074113900388
7.51569987792067
7.51569987792067
7.51569987792067
1.1248701197309
13.44901947656773
12.030322245442711
2.3389416333586457
4.277082430182306
3.3466486622160323
2.843144468113366
3.1251152442599386
14.437166818956713
11.09209639248525
7.51569987792067
13.313874931410076
1.3012972405619758
13.686391049600093
11.09209639248525
7.51569987792067
12.810370713541593
2.372345337015076
12.030322245442711
2.843144468113366
14.676342796250822
7.51569987792067
13.164749684654934
13.44901947656773
7.51569987792067
0.125591077267439
21.316824496892686
12.339571624766085
1.7626473488622643
0.7795086000891591
4.176518953689578
4.865614260910965
13.572581647055507
4.0149652001269285
6.659381078657827
2.1982443831447704
11.09209639248525
15.329761181717082
10.20823426856955
7.51569987792067
15.29429759206495
10.20823426856955
14.561705605020176
0.125591077267439
10.350319180787553
2.334708111045266
13.164749684654934
0.24100798224290138
3.3636163343073733
2.4424161698130664
6.659381078657827
1.018529747473159
12.810370713541593
13.44901947656773
14.782537595521598
12.810370713541593
12.594091180881803
0.261043945297655
1.21511359032723
15.29429759206495
14.370619253909442
1.6689451663490398
4.652936263911857
15.495074113900388
7.51569987792067
7.51569987792067
7.51569987792067
1.1248701197309
13.44901947656773
12.030322245442711
2.3389416333586457
4.277082430182306
3.3466486622160323
2.843144468113366
3.1251152442599386
14.437166818956713
11.09209639248525
7.51569987792067
13.313874931410076
1.3012972405619758
3.719164676436693
12.998413988182852
0.24100798224290138
5.362534897077122
12.030322245442711
10.20823426856955
13.44901947656773
7.51569987792067
15.29429759206495
14.370619253909442
1.6689451663490398
4.652936263911857
2.529109557705076
13.791875063410982
0.24100798224290138
13.44901947656773
11.636171365637729
13.686391049600093
0.24100798224290138
3.7785336830240275
3.3466486622160323
1.8438653726443446
2.3389416333586457
12.998413988182852
2.372345337015076
3.4817932513883774
3.5952002779455667
13.791875063410982
1.7971574128714616
1.8624356269444873
4.865614260910965
4.652936263911857
3.943846710692814
15.329761181717082
2.5100041047511477
15.29429759206495
11.636171365637729
7.51569987792067
7.51569987792067
7.51569987792067
7.51569987792067
2.5100041047511477
3.8246487297637755
11.636171365637729
3.2313100527960574
14.620162523672136
3.1251152442599386
13.164749684654934
14.370619253909442
1.6689451663490398
4.652936263911857
15.495074113900388
7.51569987792067
7.51569987792067
7.51569987792067
11.636171365637729
3.6536571119929073
1.6135222661353803
12.339571624766085
3.3772445816757504
13.791875063410982
2.544839742862162
2.4825141818243766
2.33046145731258
0.6345180228388243
3.1251152442599386
13.164749684654934
3.9229429238474633
10.20823426856955
3.605355449670647
1.2591432535070564
14.561705605020176
15.329761181717082
7.51569987792067
13.572581647055507
4.0149652001269285
5.0937650136133445
1.7626473488622643
14.227540738990285
0.125591077267439
11.349598245011856
2.6268649560209387
11.09209639248525
2.8253695913422465
2.595560810953631
15.495074113900388
10.20823426856955
2.654017671143873
14.620162523672136
14.676342796250822
1.627585911002517
3.8246487297637755
14.370619253909442
1.6689451663490398
4.652936263911857
2.529109557705076
13.791875063410982
13.164749684654934
11.09209639248525
3.669415281051149
12.594091180881803
7.51569987792067
15.14302430304974
11.636171365637729
10.20823426856955
2.430963884549261
3.943846710692814
15.329761181717082
2.5100041047511477
15.29429759206495
2.0630959434435234
12.030322245442711
1.21511359032723
5.327071234626257
2.6763132509698124
1.6689451663490398
11.636171365637729
7.51569987792067
7.51569987792067
2.0630959434435234
1.3884861405458513
3.743070059024419
15.060991284009676
7.51569987792067
7.51569987792067
7.51569987792067
1.7626473488622643
0.7795086000891591
5.175798032925613
3.8246487297637755
10.20823426856955
2.2737048074920043
3.0104780792428727
2.5100041047511477
15.29429759206495
11.09209639248525
7.51569987792067
12.810370713541593
2.2406474578779125
13.44901947656773
11.636171365637729
2.843144468113366
5.0937650136133445
10.20823426856955
14.73041699065343
15.060991284009676
